solver_type MCSVM_CS
nr_class 6
label 0 1 2 3 4 5
nr_feature 465
bias -1
w
0.1319228367038169 -0.02111206979255984 -0.01903614815872865 -0.04671806864845313 -0.01216245330880328 -0.03289409679527187 
0.1319228367038169 -0.02111206979255984 -0.01903614815872865 -0.04671806864845313 -0.01216245330880328 -0.03289409679527187 
0.2844214070364215 -0.09299455580500803 -0.03933840089349697 -0.05603698357668934 -0.02505428551010146 -0.07099718125112559 
0.0254238984052063 0.06627910960250828 -0.0388460836365323 -0.08388627409180179 -0.03114562177645303 0.06217497149707273 
0.2491252118771679 -0.04543805624207345 -0.03485407884642401 -0.08582570293757562 -0.02789937930490606 -0.05510799454618868 
-0.009189396907347921 0.2292185704761241 -0.09866274529322755 0.0146333903533604 -0.01532754456798054 -0.1206722740609285 
0.06576953959800434 0.100898082153218 -0.04299836702006865 0.07393085677326387 -0.1429720151001457 -0.05462809640427152 
0.3551141829461541 -0.2938998878863238 -0.08126363246002069 0.1363187763092275 -0.09175993710294277 -0.02450950180609433 
0.04755467939475743 0.04779064708492609 -0.009252226445315327 -0.04968124253027565 -0.09521990526414176 0.05880804776004926 
0.1319228367038169 -0.02111206979255984 -0.01903614815872865 -0.04671806864845313 -0.01216245330880328 -0.03289409679527187 
0.1319228367038169 -0.02111206979255984 -0.01903614815872865 -0.04671806864845313 -0.01216245330880328 -0.03289409679527187 
0.1319228367038169 -0.02111206979255984 -0.01903614815872865 -0.04671806864845313 -0.01216245330880328 -0.03289409679527187 
0.1319228367038169 -0.02111206979255984 -0.01903614815872865 -0.04671806864845313 -0.01216245330880328 -0.03289409679527187 
0.1319228367038169 -0.02111206979255984 -0.01903614815872865 -0.04671806864845313 -0.01216245330880328 -0.03289409679527187 
0.1319228367038169 -0.02111206979255984 -0.01903614815872865 -0.04671806864845313 -0.01216245330880328 -0.03289409679527187 
0.1319228367038169 -0.02111206979255984 -0.01903614815872865 -0.04671806864845313 -0.01216245330880328 -0.03289409679527187 
0.1319228367038169 -0.02111206979255984 -0.01903614815872865 -0.04671806864845313 -0.01216245330880328 -0.03289409679527187 
0.1319228367038169 -0.02111206979255984 -0.01903614815872865 -0.04671806864845313 -0.01216245330880328 -0.03289409679527187 
0.1319228367038169 -0.02111206979255984 -0.01903614815872865 -0.04671806864845313 -0.01216245330880328 -0.03289409679527187 
0.1319228367038169 -0.02111206979255984 -0.01903614815872865 -0.04671806864845313 -0.01216245330880328 -0.03289409679527187 
0.1319228367038169 -0.02111206979255984 -0.01903614815872865 -0.04671806864845313 -0.01216245330880328 -0.03289409679527187 
0.1319228367038169 -0.02111206979255984 -0.01903614815872865 -0.04671806864845313 -0.01216245330880328 -0.03289409679527187 
0.03150188160288112 -0.1039087999025637 -0.07437819971463476 0.1614328242586814 -0.06182852576783688 0.04718081952347288 
0.3551141829461541 -0.2938998878863238 -0.08126363246002069 0.1363187763092275 -0.09175993710294277 -0.02450950180609433 
0.3115281387305917 -0.1472741009911901 -0.01903614815872865 -0.05605721817069904 -0.01809029065247826 -0.07107038075749562 
0.04755467939475743 0.04779064708492609 -0.009252226445315327 -0.04968124253027565 -0.09521990526414176 0.05880804776004926 
0.1319228367038169 -0.02111206979255984 -0.01903614815872865 -0.04671806864845313 -0.01216245330880328 -0.03289409679527187 
0.1319228367038169 -0.02111206979255984 -0.01903614815872865 -0.04671806864845313 -0.01216245330880328 -0.03289409679527187 
0.1319228367038169 -0.02111206979255984 -0.01903614815872865 -0.04671806864845313 -0.01216245330880328 -0.03289409679527187 
0.1319228367038169 -0.02111206979255984 -0.01903614815872865 -0.04671806864845313 -0.01216245330880328 -0.03289409679527187 
0.1319228367038169 -0.02111206979255984 -0.01903614815872865 -0.04671806864845313 -0.01216245330880328 -0.03289409679527187 
0.1319228367038169 -0.02111206979255984 -0.01903614815872865 -0.04671806864845313 -0.01216245330880328 -0.03289409679527187 
0.1319228367038169 -0.02111206979255984 -0.01903614815872865 -0.04671806864845313 -0.01216245330880328 -0.03289409679527187 
0.1319228367038169 -0.02111206979255984 -0.01903614815872865 -0.04671806864845313 -0.01216245330880328 -0.03289409679527187 
0.1319228367038169 -0.02111206979255984 -0.01903614815872865 -0.04671806864845313 -0.01216245330880328 -0.03289409679527187 
-0.04711241519243671 0.1463361383952913 0.03137983269456609 -0.1143178173040339 -0.08114348933230886 0.06485775073892223 
0.05630623785092805 0.09129153012235373 -0.05943006668815303 -0.07540807189465097 0.01992842568358531 -0.03268805507406291 
0.05630623785092805 0.09129153012235373 -0.05943006668815303 -0.07540807189465097 0.01992842568358531 -0.03268805507406291 
0.05630623785092805 0.09129153012235373 -0.05943006668815303 -0.07540807189465097 0.01992842568358531 -0.03268805507406291 
-0.06363918140672513 -0.06524806204978255 -0.0503729192507588 -0.04609411881187863 0.2323779675614111 -0.007023686042265765 
-0.1230582268396096 0.3349630625575188 -0.01136229076996796 -0.01176365154711282 -0.05426641584360004 -0.1345124775572284 
-0.04758991816245858 0.1459808260529052 -0.01079916444691975 -0.003391294125312768 -0.04031424164569301 -0.04388620767252108 
-0.04758991816245858 0.1459808260529052 -0.01079916444691975 -0.003391294125312768 -0.04031424164569301 -0.04388620767252108 
-0.04758991816245858 0.1459808260529052 -0.01079916444691975 -0.003391294125312768 -0.04031424164569301 -0.04388620767252108 
-0.04758991816245858 0.1459808260529052 -0.01079916444691975 -0.003391294125312768 -0.04031424164569301 -0.04388620767252108 
-0.1230582268396096 0.3349630625575188 -0.01136229076996796 -0.01176365154711282 -0.05426641584360004 -0.1345124775572284 
-0.04758991816245858 0.1459808260529052 -0.01079916444691975 -0.003391294125312768 -0.04031424164569301 -0.04388620767252108 
-0.04758991816245858 0.1459808260529052 -0.01079916444691975 -0.003391294125312768 -0.04031424164569301 -0.04388620767252108 
-0.04758991816245858 0.1459808260529052 -0.01079916444691975 -0.003391294125312768 -0.04031424164569301 -0.04388620767252108 
-0.2291541318144382 0.3598842871058616 -0.02336466543934652 -0.01337885034896731 -0.08434098263031836 -0.009645656872791153 
0.01055339853908765 0.2405822504551372 -0.1980359011759956 -0.08635153206240807 -0.08114348933230887 0.1143952735764877 
-0.04711241519243671 0.1463361383952913 0.03137983269456609 -0.1143178173040339 -0.08114348933230886 0.06485775073892223 
0.05630623785092805 0.09129153012235373 -0.05943006668815303 -0.07540807189465097 0.01992842568358531 -0.03268805507406291 
0.05630623785092805 0.09129153012235373 -0.05943006668815303 -0.07540807189465097 0.01992842568358531 -0.03268805507406291 
0.05630623785092805 0.09129153012235373 -0.05943006668815303 -0.07540807189465097 0.01992842568358531 -0.03268805507406291 
0.05630623785092805 0.09129153012235373 -0.05943006668815303 -0.07540807189465097 0.01992842568358531 -0.03268805507406291 
-0.1025838299586041 -0.1308233953367683 -0.01079916444691975 -0.003391294125312768 0.1361108212928672 0.1114868625747377 
-0.04758991816245858 0.1459808260529052 -0.01079916444691975 -0.003391294125312768 -0.04031424164569301 -0.04388620767252108 
-0.04758991816245858 0.1459808260529052 -0.01079916444691975 -0.003391294125312768 -0.04031424164569301 -0.04388620767252108 
-0.04758991816245858 0.1459808260529052 -0.01079916444691975 -0.003391294125312768 -0.04031424164569301 -0.04388620767252108 
-0.04758991816245858 0.1459808260529052 -0.01079916444691975 -0.003391294125312768 -0.04031424164569301 -0.04388620767252108 
-0.04758991816245858 0.1459808260529052 -0.01079916444691975 -0.003391294125312768 -0.04031424164569301 -0.04388620767252108 
-0.04758991816245858 0.1459808260529052 -0.01079916444691975 -0.003391294125312768 -0.04031424164569301 -0.04388620767252108 
-0.04758991816245858 0.1459808260529052 -0.01079916444691975 -0.003391294125312768 -0.04031424164569301 -0.04388620767252108 
-0.04758991816245858 0.1459808260529052 -0.01079916444691975 -0.003391294125312768 -0.04031424164569301 -0.04388620767252108 
-0.04758991816245858 0.1459808260529052 -0.01079916444691975 -0.003391294125312768 -0.04031424164569301 -0.04388620767252108 
-0.04758991816245858 0.1459808260529052 -0.01079916444691975 -0.003391294125312768 -0.04031424164569301 -0.04388620767252108 
-0.04758991816245858 0.1459808260529052 -0.01079916444691975 -0.003391294125312768 -0.04031424164569301 -0.04388620767252108 
0.1524985703326047 -0.07188248601244816 -0.02030225273476833 -0.009318914928236208 -0.01289183220129818 -0.03810308445585373 
0.1524985703326047 -0.07188248601244816 -0.02030225273476833 -0.009318914928236208 -0.01289183220129818 -0.03810308445585373 
0.1524985703326047 -0.07188248601244816 -0.02030225273476833 -0.009318914928236208 -0.01289183220129818 -0.03810308445585373 
0.1524985703326047 -0.07188248601244816 -0.02030225273476833 -0.009318914928236208 -0.01289183220129818 -0.03810308445585373 
0.1524985703326047 -0.07188248601244816 -0.02030225273476833 -0.009318914928236208 -0.01289183220129818 -0.03810308445585373 
0.1524985703326047 -0.07188248601244816 -0.02030225273476833 -0.009318914928236208 -0.01289183220129818 -0.03810308445585373 
0.1524985703326047 -0.07188248601244816 -0.02030225273476833 -0.009318914928236208 -0.01289183220129818 -0.03810308445585373 
-0.01255936842286608 -0.1303532296729384 -0.03617781935629699 0.1186975818199013 -0.02950120374339438 0.08989403937559462 
-0.01255936842286608 -0.1303532296729384 -0.03617781935629699 0.1186975818199013 -0.02950120374339438 0.08989403937559462 
0.2697009455059556 -0.09620847246196176 -0.03612018342246369 -0.0484265492173587 -0.02862875819740096 -0.06031698220677056 
0.1524985703326047 -0.07188248601244816 -0.02030225273476833 -0.009318914928236208 -0.01289183220129818 -0.03810308445585373 
0.09483275660108026 -0.1661285980722941 0.2091134811357934 -0.03728520016986204 -0.01289183220129818 -0.08764060729341919 
0.1524985703326047 -0.07188248601244816 -0.02030225273476833 -0.009318914928236208 -0.01289183220129818 -0.03810308445585373 
0.1524985703326047 -0.07188248601244816 -0.02030225273476833 -0.009318914928236208 -0.01289183220129818 -0.03810308445585373 
0.1524985703326047 -0.07188248601244816 -0.02030225273476833 -0.009318914928236208 -0.01289183220129818 -0.03810308445585373 
0.1524985703326047 -0.07188248601244816 -0.02030225273476833 -0.009318914928236208 -0.01289183220129818 -0.03810308445585373 
0.1524985703326047 -0.07188248601244816 -0.02030225273476833 -0.009318914928236208 -0.01289183220129818 -0.03810308445585373 
0.1524985703326047 -0.07188248601244816 -0.02030225273476833 -0.009318914928236208 -0.01289183220129818 -0.03810308445585373 
0.1524985703326047 -0.07188248601244816 -0.02030225273476833 -0.009318914928236208 -0.01289183220129818 -0.03810308445585373 
0.1524985703326047 -0.07188248601244816 -0.02030225273476833 -0.009318914928236208 -0.01289183220129818 -0.03810308445585373 
0.1524985703326047 -0.07188248601244816 -0.02030225273476833 -0.009318914928236208 -0.01289183220129818 -0.03810308445585373 
0.1524985703326047 -0.07188248601244816 -0.02030225273476833 -0.009318914928236208 -0.01289183220129818 -0.03810308445585373 
-0.01255936842286608 -0.1303532296729384 -0.03617781935629699 0.1186975818199013 -0.02950120374339438 0.08989403937559462 
0.1524985703326047 -0.07188248601244816 -0.02030225273476833 -0.009318914928236208 -0.01289183220129818 -0.03810308445585373 
0.2697009455059556 -0.09620847246196176 -0.03612018342246369 -0.0484265492173587 -0.02862875819740096 -0.06031698220677056 
0.1524985703326047 -0.07188248601244816 -0.02030225273476833 -0.009318914928236208 -0.01289183220129818 -0.03810308445585373 
0.1524985703326047 -0.07188248601244816 -0.02030225273476833 -0.009318914928236208 -0.01289183220129818 -0.03810308445585373 
0.09483275660108026 -0.1661285980722941 0.2091134811357934 -0.03728520016986204 -0.01289183220129818 -0.08764060729341919 
-0.07067549923673047 0.1714985851425088 -0.00887771576865227 -0.0007804088493771542 -0.03548153398474758 -0.05568342730300132 
-0.07067549923673047 0.1714985851425088 -0.00887771576865227 -0.0007804088493771542 -0.03548153398474758 -0.05568342730300132 
-0.07067549923673047 0.1714985851425088 -0.00887771576865227 -0.0007804088493771542 -0.03548153398474758 -0.05568342730300132 
-0.07067549923673047 0.1714985851425088 -0.00887771576865227 -0.0007804088493771542 -0.03548153398474758 -0.05568342730300132 
-0.07067549923673047 0.1714985851425088 -0.00887771576865227 -0.0007804088493771542 -0.03548153398474758 -0.05568342730300132 
-0.07067549923673047 0.1714985851425088 -0.00887771576865227 -0.0007804088493771542 -0.03548153398474758 -0.05568342730300132 
-0.07067549923673047 0.1714985851425088 -0.00887771576865227 -0.0007804088493771542 -0.03548153398474758 -0.05568342730300132 
-0.07067549923673047 0.1714985851425088 -0.00887771576865227 -0.0007804088493771542 -0.03548153398474758 -0.05568342730300132 
-0.087074481446655 0.01444138822215361 -0.00887771576865227 -0.0007804088493771542 -0.04163065688124279 0.1239218747237736 
-0.07067549923673047 0.1714985851425088 -0.00887771576865227 -0.0007804088493771542 -0.03548153398474758 -0.05568342730300132 
-0.07067549923673047 0.1714985851425088 -0.00887771576865227 -0.0007804088493771542 -0.03548153398474758 -0.05568342730300132 
-0.07067549923673047 0.1714985851425088 -0.00887771576865227 -0.0007804088493771542 -0.03548153398474758 -0.05568342730300132 
-0.07067549923673047 0.1714985851425088 -0.00887771576865227 -0.0007804088493771542 -0.03548153398474758 -0.05568342730300132 
-0.07067549923673047 0.1714985851425088 -0.00887771576865227 -0.0007804088493771542 -0.03548153398474758 -0.05568342730300132 
-0.07067549923673047 0.1714985851425088 -0.00887771576865227 -0.0007804088493771542 -0.03548153398474758 -0.05568342730300132 
-0.07067549923673047 0.1714985851425088 -0.00887771576865227 -0.0007804088493771542 -0.03548153398474758 -0.05568342730300132 
-0.07067549923673047 0.1714985851425088 -0.00887771576865227 -0.0007804088493771542 -0.03548153398474758 -0.05568342730300132 
-0.07067549923673047 0.1714985851425088 -0.00887771576865227 -0.0007804088493771542 -0.03548153398474758 -0.05568342730300132 
-0.07067549923673047 0.1714985851425088 -0.00887771576865227 -0.0007804088493771542 -0.03548153398474758 -0.05568342730300132 
0.1796053020267749 -0.1261620311986303 1.734723475976807e-18 -0.009339149522245899 -0.005927837343674987 -0.03817628396222376 
0.1796053020267749 -0.1261620311986303 1.734723475976807e-18 -0.009339149522245899 -0.005927837343674987 -0.03817628396222376 
0.1796053020267749 -0.1261620311986303 1.734723475976807e-18 -0.009339149522245899 -0.005927837343674987 -0.03817628396222376 
0.1796053020267749 -0.1261620311986303 1.734723475976807e-18 -0.009339149522245899 -0.005927837343674987 -0.03817628396222376 
0.08990837926187087 0.0558163902700677 -0.01200237466937856 -0.01095434832410039 -0.02985328123389812 -0.09291476530456146 
0.1796053020267749 -0.1261620311986303 1.734723475976807e-18 -0.009339149522245899 -0.005927837343674987 -0.03817628396222376 
0.3236123013432731 -0.1899910879837601 -0.006885432745385919 -0.02511404794945386 -0.02993141133510594 -0.07169032132956726 
0.1796053020267749 -0.1261620311986303 1.734723475976807e-18 -0.009339149522245899 -0.005927837343674987 -0.03817628396222376 
0.1796053020267749 -0.1261620311986303 1.734723475976807e-18 -0.009339149522245899 -0.005927837343674987 -0.03817628396222376 
0.1796053020267749 -0.1261620311986303 1.734723475976807e-18 -0.009339149522245899 -0.005927837343674987 -0.03817628396222376 
0.1796053020267749 -0.1261620311986303 1.734723475976807e-18 -0.009339149522245899 -0.005927837343674987 -0.03817628396222376 
0.1796053020267749 -0.1261620311986303 1.734723475976807e-18 -0.009339149522245899 -0.005927837343674987 -0.03817628396222376 
0.1796053020267749 -0.1261620311986303 1.734723475976807e-18 -0.009339149522245899 -0.005927837343674987 -0.03817628396222376 
0.1796053020267749 -0.1261620311986303 1.734723475976807e-18 -0.009339149522245899 -0.005927837343674987 -0.03817628396222376 
-0.04057208497746358 0.1704146833932997 -0.03185377198335803 -0.03314994900992273 -0.02810778371255711 -0.03673109370999843 
-0.04057208497746358 0.1704146833932997 -0.03185377198335803 -0.03314994900992273 -0.02810778371255711 -0.03673109370999843 
-0.04057208497746358 0.1704146833932997 -0.03185377198335803 -0.03314994900992273 -0.02810778371255711 -0.03673109370999843 
-0.04057208497746358 0.1704146833932997 -0.03185377198335803 -0.03314994900992273 -0.02810778371255711 -0.03673109370999843 
-0.04057208497746358 0.1704146833932997 -0.03185377198335803 -0.03314994900992273 -0.02810778371255711 -0.03673109370999843 
-0.04057208497746358 0.1704146833932997 -0.03185377198335803 -0.03314994900992273 -0.02810778371255711 -0.03673109370999843 
-0.04057208497746358 0.1704146833932997 -0.03185377198335803 -0.03314994900992273 -0.02810778371255711 -0.03673109370999843 
-0.04057208497746358 0.1704146833932997 -0.03185377198335803 -0.03314994900992273 -0.02810778371255711 -0.03673109370999843 
-0.04057208497746358 0.1704146833932997 -0.03185377198335803 -0.03314994900992273 -0.02810778371255711 -0.03673109370999843 
-0.04057208497746358 0.1704146833932997 -0.03185377198335803 -0.03314994900992273 -0.02810778371255711 -0.03673109370999843 
-0.04057208497746358 0.1704146833932997 -0.03185377198335803 -0.03314994900992273 -0.02810778371255711 -0.03673109370999843 
-0.04057208497746358 0.1704146833932997 -0.03185377198335803 -0.03314994900992273 -0.02810778371255711 -0.03673109370999843 
-0.04057208497746358 0.1704146833932997 -0.03185377198335803 -0.03314994900992273 -0.02810778371255711 -0.03673109370999843 
-0.04057208497746358 0.1704146833932997 -0.03185377198335803 -0.03314994900992273 -0.02810778371255711 -0.03673109370999843 
-0.04057208497746358 0.1704146833932997 -0.03185377198335803 -0.03314994900992273 -0.02810778371255711 -0.03673109370999843 
-0.04057208497746358 0.1704146833932997 -0.03185377198335803 -0.03314994900992273 -0.02810778371255711 -0.03673109370999843 
-0.04057208497746358 0.1704146833932997 -0.03185377198335803 -0.03314994900992273 -0.02810778371255711 -0.03673109370999843 
-0.04057208497746358 0.1704146833932997 -0.03185377198335803 -0.03314994900992273 -0.02810778371255711 -0.03673109370999843 
-0.04057208497746358 0.1704146833932997 -0.03185377198335803 -0.03314994900992273 -0.02810778371255711 -0.03673109370999843 
-0.04057208497746358 0.1704146833932997 -0.03185377198335803 -0.03314994900992273 -0.02810778371255711 -0.03673109370999843 
-0.04057208497746358 0.1704146833932997 -0.03185377198335803 -0.03314994900992273 -0.02810778371255711 -0.03673109370999843 
-0.04057208497746358 0.1704146833932997 -0.03185377198335803 -0.03314994900992273 -0.02810778371255711 -0.03673109370999843 
-0.04057208497746358 0.1704146833932997 -0.03185377198335803 -0.03314994900992273 -0.02810778371255711 -0.03673109370999843 
0.1856953381770519 -0.07798922611617209 -0.02109809263157155 -0.03509555174978824 -0.02277771627701073 -0.0287347514025093 
0.1856953381770519 -0.07798922611617209 -0.02109809263157155 -0.03509555174978824 -0.02277771627701073 -0.0287347514025093 
0.1856953381770519 -0.07798922611617209 -0.02109809263157155 -0.03509555174978824 -0.02277771627701073 -0.0287347514025093 
0.1856953381770519 -0.07798922611617209 -0.02109809263157155 -0.03509555174978824 -0.02277771627701073 -0.0287347514025093 
0.1856953381770519 -0.07798922611617209 -0.02109809263157155 -0.03509555174978824 -0.02277771627701073 -0.0287347514025093 
0.1856953381770519 -0.07798922611617209 -0.02109809263157155 -0.03509555174978824 -0.02277771627701073 -0.0287347514025093 
0.1856953381770519 -0.07798922611617209 -0.02109809263157155 -0.03509555174978824 -0.02277771627701073 -0.0287347514025093 
0.08980910497717773 -0.1329868227392462 -0.04997615667431417 0.2615092413669283 -0.04387559220513806 -0.1244797747254078 
0.32970233749355 -0.1418182829013019 -0.02798352537695748 -0.0508704501769962 -0.04678129026844169 -0.0622487887698528 
0.1441361644391564 0.1571019369416845 -0.08935288291407888 -0.1296253479722403 0.08076480624215467 -0.1630246767366762 
0.1856953381770519 -0.07798922611617209 -0.02109809263157155 -0.03509555174978824 -0.02277771627701073 -0.0287347514025093 
0.1856953381770519 -0.07798922611617209 -0.02109809263157155 -0.03509555174978824 -0.02277771627701073 -0.0287347514025093 
0.1856953381770519 -0.07798922611617209 -0.02109809263157155 -0.03509555174978824 -0.02277771627701073 -0.0287347514025093 
0.1856953381770519 -0.07798922611617209 -0.02109809263157155 -0.03509555174978824 -0.02277771627701073 -0.0287347514025093 
0.1856953381770519 -0.07798922611617209 -0.02109809263157155 -0.03509555174978824 -0.02277771627701073 -0.0287347514025093 
0.1856953381770519 -0.07798922611617209 -0.02109809263157155 -0.03509555174978824 -0.02277771627701073 -0.0287347514025093 
0.1856953381770519 -0.07798922611617209 -0.02109809263157155 -0.03509555174978824 -0.02277771627701073 -0.0287347514025093 
0.1856953381770519 -0.07798922611617209 -0.02109809263157155 -0.03509555174978824 -0.02277771627701073 -0.0287347514025093 
0.1856953381770519 -0.07798922611617209 -0.02109809263157155 -0.03509555174978824 -0.02277771627701073 -0.0287347514025093 
0.1856953381770519 -0.07798922611617209 -0.02109809263157155 -0.03509555174978824 -0.02277771627701073 -0.0287347514025093 
0.1856953381770519 -0.07798922611617209 -0.02109809263157155 -0.03509555174978824 -0.02277771627701073 -0.0287347514025093 
0.1856953381770519 -0.07798922611617209 -0.02109809263157155 -0.03509555174978824 -0.02277771627701073 -0.0287347514025093 
0.1856953381770519 -0.07798922611617209 -0.02109809263157155 -0.03509555174978824 -0.02277771627701073 -0.0287347514025093 
0.1856953381770519 -0.07798922611617209 -0.02109809263157155 -0.03509555174978824 -0.02277771627701073 -0.0287347514025093 
-0.05766581373152441 -0.09424611205984598 0.2294157338705617 -0.02796628524162583 0 -0.04953752283756547 
-0.05766581373152441 -0.09424611205984598 0.2294157338705617 -0.02796628524162583 0 -0.04953752283756547 
-0.05766581373152441 -0.09424611205984598 0.2294157338705617 -0.02796628524162583 0 -0.04953752283756547 
-0.05766581373152441 -0.09424611205984598 0.2294157338705617 -0.02796628524162583 0 -0.04953752283756547 
-0.05766581373152441 -0.09424611205984598 0.2294157338705617 -0.02796628524162583 0 -0.04953752283756547 
-0.05766581373152441 -0.09424611205984598 0.2294157338705617 -0.02796628524162583 0 -0.04953752283756547 
-0.2200124954180333 -0.0001282838220893587 0.172803930380748 0.0391792752739271 -0.03065024064709126 0.03880781423253892 
-0.05766581373152441 -0.09424611205984598 0.2294157338705617 -0.02796628524162583 0 -0.04953752283756547 
-0.05766581373152441 -0.09424611205984598 0.2294157338705617 -0.02796628524162583 0 -0.04953752283756547 
-0.05766581373152441 -0.09424611205984598 0.2294157338705617 -0.02796628524162583 0 -0.04953752283756547 
-0.05766581373152441 -0.09424611205984598 0.2294157338705617 -0.02796628524162583 0 -0.04953752283756547 
-0.1712726974493901 0.03239358277199408 -0.05646098714569968 0.2238462715547334 -0.04079144777451546 0.01228527804287765 
-0.07546830867715104 0.1889822365046136 -0.0005631263230482116 -0.008372357421800054 -0.01395217419790703 -0.09062626988470728 
-0.07546830867715104 0.1889822365046136 -0.0005631263230482116 -0.008372357421800054 -0.01395217419790703 -0.09062626988470728 
-0.1064989382986106 0.0873911793950681 -0.01980993547780364 -0.03716820544334866 -0.01898316846764974 0.09506906829234459 
-0.07546830867715104 0.1889822365046136 -0.0005631263230482116 -0.008372357421800054 -0.01395217419790703 -0.09062626988470728 
-0.07546830867715104 0.1889822365046136 -0.0005631263230482116 -0.008372357421800054 -0.01395217419790703 -0.09062626988470728 
-0.07546830867715104 0.1889822365046136 -0.0005631263230482116 -0.008372357421800054 -0.01395217419790703 -0.09062626988470728 
-0.07546830867715104 0.1889822365046136 -0.0005631263230482116 -0.008372357421800054 -0.01395217419790703 -0.09062626988470728 
-0.07546830867715104 0.1889822365046136 -0.0005631263230482116 -0.008372357421800054 -0.01395217419790703 -0.09062626988470728 
-0.07546830867715104 0.1889822365046136 -0.0005631263230482116 -0.008372357421800054 -0.01395217419790703 -0.09062626988470728 
0.1440069993164981 -0.06382905678512975 -0.006885432745385919 -0.01577489842720797 -0.02400357399143094 -0.03351403736734349 
0.1440069993164981 -0.06382905678512975 -0.006885432745385919 -0.01577489842720797 -0.02400357399143094 -0.03351403736734349 
0.1440069993164981 -0.06382905678512975 -0.006885432745385919 -0.01577489842720797 -0.02400357399143094 -0.03351403736734349 
0.1440069993164981 -0.06382905678512975 -0.006885432745385919 -0.01577489842720797 -0.02400357399143094 -0.03351403736734349 
0.1440069993164981 -0.06382905678512975 -0.006885432745385919 -0.01577489842720797 -0.02400357399143094 -0.03351403736734349 
0.1440069993164981 -0.06382905678512975 -0.006885432745385919 -0.01577489842720797 -0.02400357399143094 -0.03351403736734349 
0.1440069993164981 -0.06382905678512975 -0.006885432745385919 -0.01577489842720797 -0.02400357399143094 -0.03351403736734349 
0.1440069993164981 -0.06382905678512975 -0.006885432745385919 -0.01577489842720797 -0.02400357399143094 -0.03351403736734349 
0.1440069993164981 -0.06382905678512975 -0.006885432745385919 -0.01577489842720797 -0.02400357399143094 -0.03351403736734349 
0.1440069993164981 -0.06382905678512975 -0.006885432745385919 -0.01577489842720797 -0.02400357399143094 -0.03351403736734349 
0.1440069993164981 -0.06382905678512975 -0.006885432745385919 -0.01577489842720797 -0.02400357399143094 -0.03351403736734349 
0.1440069993164981 -0.06382905678512975 -0.006885432745385919 -0.01577489842720797 -0.02400357399143094 -0.03351403736734349 
0.1440069993164981 -0.06382905678512975 -0.006885432745385919 -0.01577489842720797 -0.02400357399143094 -0.03351403736734349 
0.1440069993164981 -0.06382905678512975 -0.006885432745385919 -0.01577489842720797 -0.02400357399143094 -0.03351403736734349 
0.1440069993164981 -0.06382905678512975 -0.006885432745385919 -0.01577489842720797 -0.02400357399143094 -0.03351403736734349 
0.1440069993164981 -0.06382905678512975 -0.006885432745385919 -0.01577489842720797 -0.02400357399143094 -0.03351403736734349 
0.1440069993164981 -0.06382905678512975 -0.006885432745385919 -0.01577489842720797 -0.02400357399143094 -0.03351403736734349 
0.1440069993164981 -0.06382905678512975 -0.006885432745385919 -0.01577489842720797 -0.02400357399143094 -0.03351403736734349 
0.1440069993164981 -0.06382905678512975 -0.006885432745385919 -0.01577489842720797 -0.02400357399143094 -0.03351403736734349 
0.1440069993164981 -0.06382905678512975 -0.006885432745385919 -0.01577489842720797 -0.02400357399143094 -0.03351403736734349 
0.1440069993164981 -0.06382905678512975 -0.006885432745385919 -0.01577489842720797 -0.02400357399143094 -0.03351403736734349 
0.1440069993164981 -0.06382905678512975 -0.006885432745385919 -0.01577489842720797 -0.02400357399143094 -0.03351403736734349 
0.1440069993164981 -0.06382905678512975 -0.006885432745385919 -0.01577489842720797 -0.02400357399143094 -0.03351403736734349 
0.1440069993164981 -0.06382905678512975 -0.006885432745385919 -0.01577489842720797 -0.02400357399143094 -0.03351403736734349 
0.1440069993164981 -0.06382905678512975 -0.006885432745385919 -0.01577489842720797 -0.02400357399143094 -0.03351403736734349 
0.1440069993164981 -0.06382905678512975 -0.006885432745385919 -0.01577489842720797 -0.02400357399143094 -0.03351403736734349 
0.1440069993164981 -0.06382905678512975 -0.006885432745385919 -0.01577489842720797 -0.02400357399143094 -0.03351403736734349 
-0.08367786556791075 0 -0.01587556662152866 0.154832346566754 -0.0166093715420962 -0.03866954283521833 
-0.08367786556791075 0 -0.01587556662152866 0.154832346566754 -0.0166093715420962 -0.03866954283521833 
-0.08367786556791075 0 -0.01587556662152866 0.154832346566754 -0.0166093715420962 -0.03866954283521833 
-0.1484516247186901 -0.05499759662307405 -0.0525266182894247 0.415846823564836 -0.03841765084896192 -0.1214533330846853 
-0.08367786556791075 0 -0.01587556662152866 0.154832346566754 -0.0166093715420962 -0.03866954283521833 
-0.08367786556791075 0 -0.01587556662152866 0.154832346566754 -0.0166093715420962 -0.03866954283521833 
-0.08367786556791075 0 -0.01587556662152866 0.154832346566754 -0.0166093715420962 -0.03866954283521833 
-0.08367786556791075 0 -0.01587556662152866 0.154832346566754 -0.0166093715420962 -0.03866954283521833 
-0.08367786556791075 0 -0.01587556662152866 0.154832346566754 -0.0166093715420962 -0.03866954283521833 
-0.08367786556791075 0 -0.01587556662152866 0.154832346566754 -0.0166093715420962 -0.03866954283521833 
-0.08367786556791075 0 -0.01587556662152866 0.154832346566754 -0.0166093715420962 -0.03866954283521833 
-0.08367786556791075 0 -0.01587556662152866 0.154832346566754 -0.0166093715420962 -0.03866954283521833 
-0.08367786556791075 0 -0.01587556662152866 0.154832346566754 -0.0166093715420962 -0.03866954283521833 
-0.08367786556791075 0 -0.01587556662152866 0.154832346566754 -0.0166093715420962 -0.03866954283521833 
-0.08367786556791075 0 -0.01587556662152866 0.154832346566754 -0.0166093715420962 -0.03866954283521833 
-0.08367786556791075 0 -0.01587556662152866 0.154832346566754 -0.0166093715420962 -0.03866954283521833 
-0.08367786556791075 0 -0.01587556662152866 0.154832346566754 -0.0166093715420962 -0.03866954283521833 
-0.08367786556791075 0 -0.01587556662152866 0.154832346566754 -0.0166093715420962 -0.03866954283521833 
-0.08367786556791075 0 -0.01587556662152866 0.154832346566754 -0.0166093715420962 -0.03866954283521833 
-0.08367786556791075 0 -0.01587556662152866 0.154832346566754 -0.0166093715420962 -0.03866954283521833 
0.117202375173351 -0.0243259864495136 -0.01581793068769537 -0.03910763428912249 -0.01573692599610279 -0.02221389775091681 
0.117202375173351 -0.0243259864495136 -0.01581793068769537 -0.03910763428912249 -0.01573692599610279 -0.02221389775091681 
0.117202375173351 -0.0243259864495136 -0.01581793068769537 -0.03910763428912249 -0.01573692599610279 -0.02221389775091681 
0.117202375173351 -0.0243259864495136 -0.01581793068769537 -0.03910763428912249 -0.01573692599610279 -0.02221389775091681 
0.117202375173351 -0.0243259864495136 -0.01581793068769537 -0.03910763428912249 -0.01573692599610279 -0.02221389775091681 
0.117202375173351 -0.0243259864495136 -0.01581793068769537 -0.03910763428912249 -0.01573692599610279 -0.02221389775091681 
0.117202375173351 -0.0243259864495136 -0.01581793068769537 -0.03910763428912249 -0.01573692599610279 -0.02221389775091681 
0.117202375173351 -0.0243259864495136 -0.01581793068769537 -0.03910763428912249 -0.01573692599610279 -0.02221389775091681 
0.117202375173351 -0.0243259864495136 -0.01581793068769537 -0.03910763428912249 -0.01573692599610279 -0.02221389775091681 
0.117202375173351 -0.0243259864495136 -0.01581793068769537 -0.03910763428912249 -0.01573692599610279 -0.02221389775091681 
0.117202375173351 -0.0243259864495136 -0.01581793068769537 -0.03910763428912249 -0.01573692599610279 -0.02221389775091681 
0.117202375173351 -0.0243259864495136 -0.01581793068769537 -0.03910763428912249 -0.01573692599610279 -0.02221389775091681 
0.117202375173351 -0.0243259864495136 -0.01581793068769537 -0.03910763428912249 -0.01573692599610279 -0.02221389775091681 
0.117202375173351 -0.0243259864495136 -0.01581793068769537 -0.03910763428912249 -0.01573692599610279 -0.02221389775091681 
0.117202375173351 -0.0243259864495136 -0.01581793068769537 -0.03910763428912249 -0.01573692599610279 -0.02221389775091681 
0.117202375173351 -0.0243259864495136 -0.01581793068769537 -0.03910763428912249 -0.01573692599610279 -0.02221389775091681 
0.117202375173351 -0.0243259864495136 -0.01581793068769537 -0.03910763428912249 -0.01573692599610279 -0.02221389775091681 
0.117202375173351 -0.0243259864495136 -0.01581793068769537 -0.03910763428912249 -0.01573692599610279 -0.02221389775091681 
0.117202375173351 -0.0243259864495136 -0.01581793068769537 -0.03910763428912249 -0.01573692599610279 -0.02221389775091681 
0.117202375173351 -0.0243259864495136 -0.01581793068769537 -0.03910763428912249 -0.01573692599610279 -0.02221389775091681 
0.117202375173351 -0.0243259864495136 -0.01581793068769537 -0.03910763428912249 -0.01573692599610279 -0.02221389775091681 
0.117202375173351 -0.0243259864495136 -0.01581793068769537 -0.03910763428912249 -0.01573692599610279 -0.02221389775091681 
0.117202375173351 -0.0243259864495136 -0.01581793068769537 -0.03910763428912249 -0.01573692599610279 -0.02221389775091681 
0.117202375173351 -0.0243259864495136 -0.01581793068769537 -0.03910763428912249 -0.01573692599610279 -0.02221389775091681 
0.117202375173351 -0.0243259864495136 -0.01581793068769537 -0.03910763428912249 -0.01573692599610279 -0.02221389775091681 
0.117202375173351 -0.0243259864495136 -0.01581793068769537 -0.03910763428912249 -0.01573692599610279 -0.02221389775091681 
0.117202375173351 -0.0243259864495136 -0.01581793068769537 -0.03910763428912249 -0.01573692599610279 -0.02221389775091681 
0.117202375173351 -0.0243259864495136 -0.01581793068769537 -0.03910763428912249 -0.01573692599610279 -0.02221389775091681 
0.117202375173351 -0.0243259864495136 -0.01581793068769537 -0.03910763428912249 -0.01573692599610279 -0.02221389775091681 
0.117202375173351 -0.0243259864495136 -0.01581793068769537 -0.03910763428912249 -0.01573692599610279 -0.02221389775091681 
-0.06477375915077943 -0.05499759662307405 -0.03665105166789603 0.2610144769980821 -0.02180827930686571 -0.08278379024946694 
-0.06477375915077943 -0.05499759662307405 -0.03665105166789603 0.2610144769980821 -0.02180827930686571 -0.08278379024946694 
-0.01220836763196337 -0.05499759662307405 -0.01300249742121395 0.1417724465499626 -0.004488504386031118 -0.05707548048768021 
-0.129021706691502 -0.1836996565779995 -0.03667143015337285 0.0806873544222623 -0.02345993301342995 0.2921653720140417 
-0.06477375915077943 -0.05499759662307405 -0.03665105166789603 0.2610144769980821 -0.02180827930686571 -0.08278379024946694 
-0.01220836763196337 -0.05499759662307405 -0.01300249742121395 0.1417724465499626 -0.004488504386031118 -0.05707548048768021 
-0.06477375915077943 -0.05499759662307405 -0.03665105166789603 0.2610144769980821 -0.02180827930686571 -0.08278379024946694 
-0.01220836763196337 -0.05499759662307405 -0.01300249742121395 0.1417724465499626 -0.004488504386031118 -0.05707548048768021 
-0.01220836763196337 -0.05499759662307405 -0.01300249742121395 0.1417724465499626 -0.004488504386031118 -0.05707548048768021 
-0.01220836763196337 -0.05499759662307405 -0.01300249742121395 0.1417724465499626 -0.004488504386031118 -0.05707548048768021 
-0.08117274136070392 -0.2120547935434293 -0.03665105166789603 0.2610144769980821 -0.02795740220336092 0.09682151177730797 
-0.06477375915077943 -0.05499759662307405 -0.03665105166789603 0.2610144769980821 -0.02180827930686571 -0.08278379024946694 
-0.06477375915077943 -0.05499759662307405 -0.03665105166789603 0.2610144769980821 -0.02180827930686571 -0.08278379024946694 
-0.01220836763196337 -0.05499759662307405 -0.01300249742121395 0.1417724465499626 -0.004488504386031118 -0.05707548048768021 
-0.01220836763196337 -0.05499759662307405 -0.01300249742121395 0.1417724465499626 -0.004488504386031118 -0.05707548048768021 
-0.04764163350394202 -0.1252289129175093 -0.03667143015337285 0.1075032042408787 -0.02345993301342995 0.1254987053473751 
-0.01220836763196337 -0.05499759662307405 -0.01300249742121395 0.1417724465499626 -0.004488504386031118 -0.05707548048768021 
-0.01220836763196337 -0.05499759662307405 -0.01300249742121395 0.1417724465499626 -0.004488504386031118 -0.05707548048768021 
-0.01220836763196337 -0.05499759662307405 -0.01300249742121395 0.1417724465499626 -0.004488504386031118 -0.05707548048768021 
-0.01220836763196337 -0.05499759662307405 -0.01300249742121395 0.1417724465499626 -0.004488504386031118 -0.05707548048768021 
-0.01220836763196337 -0.05499759662307405 -0.01300249742121395 0.1417724465499626 -0.004488504386031118 -0.05707548048768021 
-0.01220836763196337 -0.05499759662307405 -0.01300249742121395 0.1417724465499626 -0.004488504386031118 -0.05707548048768021 
-0.01220836763196337 -0.05499759662307405 -0.01300249742121395 0.1417724465499626 -0.004488504386031118 -0.05707548048768021 
-0.01220836763196337 -0.05499759662307405 -0.01300249742121395 0.1417724465499626 -0.004488504386031118 -0.05707548048768021 
-0.01220836763196337 -0.05499759662307405 -0.01300249742121395 0.1417724465499626 -0.004488504386031118 -0.05707548048768021 
-0.01220836763196337 -0.05499759662307405 -0.01300249742121395 0.1417724465499626 -0.004488504386031118 -0.05707548048768021 
-0.03438685152788867 -0.04209419507039341 -0.02381060628980084 -0.02614751740998075 0.1557522542447223 -0.02931308394665863 
-0.03438685152788867 -0.04209419507039341 -0.02381060628980084 -0.02614751740998075 0.1557522542447223 -0.02931308394665863 
-0.03438685152788867 -0.04209419507039341 -0.02381060628980084 -0.02614751740998075 0.1557522542447223 -0.02931308394665863 
-0.03438685152788867 -0.04209419507039341 -0.02381060628980084 -0.02614751740998075 0.1557522542447223 -0.02931308394665863 
-0.03438685152788867 -0.04209419507039341 -0.02381060628980084 -0.02614751740998075 0.1557522542447223 -0.02931308394665863 
-0.03438685152788867 -0.04209419507039341 -0.02381060628980084 -0.02614751740998075 0.1557522542447223 -0.02931308394665863 
-0.03438685152788867 -0.04209419507039341 -0.02381060628980084 -0.02614751740998075 0.1557522542447223 -0.02931308394665863 
-0.03438685152788867 -0.04209419507039341 -0.02381060628980084 -0.02614751740998075 0.1557522542447223 -0.02931308394665863 
-0.06982011739986733 -0.1123255113648286 -0.04747953902195973 -0.06041675971906461 0.1367808256173235 0.1532611018883967 
-0.03438685152788867 -0.04209419507039341 -0.02381060628980084 -0.02614751740998075 0.1557522542447223 -0.02931308394665863 
-0.03438685152788867 -0.04209419507039341 -0.02381060628980084 -0.02614751740998075 0.1557522542447223 -0.02931308394665863 
-0.03438685152788867 -0.04209419507039341 -0.02381060628980084 -0.02614751740998075 0.1557522542447223 -0.02931308394665863 
-0.03438685152788867 -0.04209419507039341 -0.02381060628980084 -0.02614751740998075 0.1557522542447223 -0.02931308394665863 
-0.03438685152788867 -0.04209419507039341 -0.02381060628980084 -0.02614751740998075 0.1557522542447223 -0.02931308394665863 
-0.03438685152788867 -0.04209419507039341 -0.02381060628980084 -0.02614751740998075 0.1557522542447223 -0.02931308394665863 
-0.03438685152788867 -0.04209419507039341 -0.02381060628980084 -0.02614751740998075 0.1557522542447223 -0.02931308394665863 
-0.03438685152788867 -0.04209419507039341 -0.02381060628980084 -0.02614751740998075 0.1557522542447223 -0.02931308394665863 
-0.03438685152788867 -0.04209419507039341 -0.02381060628980084 -0.02614751740998075 0.1557522542447223 -0.02931308394665863 
-0.03438685152788867 -0.04209419507039341 -0.02381060628980084 -0.02614751740998075 0.1557522542447223 -0.02931308394665863 
-0.03438685152788867 -0.04209419507039341 -0.02381060628980084 -0.02614751740998075 0.1557522542447223 -0.02931308394665863 
-0.03438685152788867 -0.04209419507039341 -0.02381060628980084 -0.02614751740998075 0.1557522542447223 -0.02931308394665863 
-0.03438685152788867 -0.04209419507039341 -0.02381060628980084 -0.02614751740998075 0.1557522542447223 -0.02931308394665863 
-0.03438685152788867 -0.04209419507039341 -0.02381060628980084 -0.02614751740998075 0.1557522542447223 -0.02931308394665863 
-0.03438685152788867 -0.04209419507039341 -0.02381060628980084 -0.02614751740998075 0.1557522542447223 -0.02931308394665863 
-0.03438685152788867 -0.04209419507039341 -0.02381060628980084 -0.02614751740998075 0.1557522542447223 -0.02931308394665863 
-0.03438685152788867 -0.04209419507039341 -0.02381060628980084 -0.02614751740998075 0.1557522542447223 -0.02931308394665863 
-0.03438685152788867 -0.04209419507039341 -0.02381060628980084 -0.02614751740998075 0.1557522542447223 -0.02931308394665863 
-0.03438685152788867 -0.04209419507039341 -0.02381060628980084 -0.02614751740998075 0.1557522542447223 -0.02931308394665863 
-0.05256539151881604 1.301042606982605e-18 -0.02364855424668207 0.1192420304481195 -0.0173197749208346 -0.02570830976178674 
-0.05256539151881604 1.301042606982605e-18 -0.02364855424668207 0.1192420304481195 -0.0173197749208346 -0.02570830976178674 
-0.05256539151881604 1.301042606982605e-18 -0.02364855424668207 0.1192420304481195 -0.0173197749208346 -0.02570830976178674 
-0.09116032110503706 -0.1197470244693182 -0.02364855424668207 0.1192420304481195 0.1652544109142208 -0.04994054154130289 
-0.05256539151881604 1.301042606982605e-18 -0.02364855424668207 0.1192420304481195 -0.0173197749208346 -0.02570830976178674 
-0.05256539151881604 1.301042606982605e-18 -0.02364855424668207 0.1192420304481195 -0.0173197749208346 -0.02570830976178674 
-0.05256539151881604 1.301042606982605e-18 -0.02364855424668207 0.1192420304481195 -0.0173197749208346 -0.02570830976178674 
-0.05256539151881604 1.301042606982605e-18 -0.02364855424668207 0.1192420304481195 -0.0173197749208346 -0.02570830976178674 
-0.05256539151881604 1.301042606982605e-18 -0.02364855424668207 0.1192420304481195 -0.0173197749208346 -0.02570830976178674 
-0.05256539151881604 1.301042606982605e-18 -0.02364855424668207 0.1192420304481195 -0.0173197749208346 -0.02570830976178674 
-0.05256539151881604 1.301042606982605e-18 -0.02364855424668207 0.1192420304481195 -0.0173197749208346 -0.02570830976178674 
-0.05256539151881604 1.301042606982605e-18 -0.02364855424668207 0.1192420304481195 -0.0173197749208346 -0.02570830976178674 
-0.05256539151881604 1.301042606982605e-18 -0.02364855424668207 0.1192420304481195 -0.0173197749208346 -0.02570830976178674 
-0.05256539151881604 1.301042606982605e-18 -0.02364855424668207 0.1192420304481195 -0.0173197749208346 -0.02570830976178674 
-0.05256539151881604 1.301042606982605e-18 -0.02364855424668207 0.1192420304481195 -0.0173197749208346 -0.02570830976178674 
-0.01639898220992452 -0.1570571969203552 0 0 -0.006149122896495206 0.1796053020267749 
-0.01639898220992452 -0.1570571969203552 0 0 -0.006149122896495206 0.1796053020267749 
-0.01639898220992452 -0.1570571969203552 0 0 -0.006149122896495206 0.1796053020267749 
-0.01639898220992452 -0.1570571969203552 0 0 -0.006149122896495206 0.1796053020267749 
-0.01639898220992452 -0.1570571969203552 0 0 -0.006149122896495206 0.1796053020267749 
-0.01639898220992452 -0.1570571969203552 0 0 -0.006149122896495206 0.1796053020267749 
-0.01639898220992452 -0.1570571969203552 0 0 -0.006149122896495206 0.1796053020267749 
-0.01639898220992452 -0.1570571969203552 0 0 -0.006149122896495206 0.1796053020267749 
-0.01639898220992452 -0.1570571969203552 0 0 -0.006149122896495206 0.1796053020267749 
-0.01639898220992452 -0.1570571969203552 0 0 -0.006149122896495206 0.1796053020267749 
-0.01639898220992452 -0.1570571969203552 0 0 -0.006149122896495206 0.1796053020267749 
-0.01639898220992452 -0.1570571969203552 0 0 -0.006149122896495206 0.1796053020267749 
-0.08969692276490404 0.181978421468698 -0.01200237466937856 -0.001615198801854492 -0.02392544389022313 -0.05473848134233771 
-0.08969692276490404 0.181978421468698 -0.01200237466937856 -0.001615198801854492 -0.02392544389022313 -0.05473848134233771 
-0.08969692276490404 0.181978421468698 -0.01200237466937856 -0.001615198801854492 -0.02392544389022313 -0.05473848134233771 
-0.08969692276490404 0.181978421468698 -0.01200237466937856 -0.001615198801854492 -0.02392544389022313 -0.05473848134233771 
-0.08969692276490404 0.181978421468698 -0.01200237466937856 -0.001615198801854492 -0.02392544389022313 -0.05473848134233771 
-0.08969692276490404 0.181978421468698 -0.01200237466937856 -0.001615198801854492 -0.02392544389022313 -0.05473848134233771 
-0.08969692276490404 0.181978421468698 -0.01200237466937856 -0.001615198801854492 -0.02392544389022313 -0.05473848134233771 
-0.08969692276490404 0.181978421468698 -0.01200237466937856 -0.001615198801854492 -0.02392544389022313 -0.05473848134233771 
-0.08969692276490404 0.181978421468698 -0.01200237466937856 -0.001615198801854492 -0.02392544389022313 -0.05473848134233771 
-0.08969692276490404 0.181978421468698 -0.01200237466937856 -0.001615198801854492 -0.02392544389022313 -0.05473848134233771 
-0.08969692276490404 0.181978421468698 -0.01200237466937856 -0.001615198801854492 -0.02392544389022313 -0.05473848134233771 
-0.08969692276490404 0.181978421468698 -0.01200237466937856 -0.001615198801854492 -0.02392544389022313 -0.05473848134233771 
-0.08969692276490404 0.181978421468698 -0.01200237466937856 -0.001615198801854492 -0.02392544389022313 -0.05473848134233771 
-0.08969692276490404 0.181978421468698 -0.01200237466937856 -0.001615198801854492 -0.02392544389022313 -0.05473848134233771 
-0.1097812901676929 0.09411782823775658 -0.03296324924313167 -0.05209646993256654 -0.01333046572625667 0.1140536468318911 
-0.08138007318756001 -0.05847074366049023 0 -0.02681584981861643 0 0.1666666666666667 
-0.08138007318756001 -0.05847074366049023 0 -0.02681584981861643 0 0.1666666666666667 
-0.08138007318756001 -0.05847074366049023 0 -0.02681584981861643 0 0.1666666666666667 
-0.08138007318756001 -0.05847074366049023 0 -0.02681584981861643 0 0.1666666666666667 
-0.08138007318756001 -0.05847074366049023 0 -0.02681584981861643 0 0.1666666666666667 
-0.08138007318756001 -0.05847074366049023 0 -0.02681584981861643 0 0.1666666666666667 
-0.08138007318756001 -0.05847074366049023 0 -0.02681584981861643 0 0.1666666666666667 
-0.08138007318756001 -0.05847074366049023 0 -0.02681584981861643 0 0.1666666666666667 
-0.08138007318756001 -0.05847074366049023 0 -0.02681584981861643 0 0.1666666666666667 
-0.08138007318756001 -0.05847074366049023 0 -0.02681584981861643 0 0.1666666666666667 
-0.08138007318756001 -0.05847074366049023 0 -0.02681584981861643 0 0.1666666666666667 
-0.08138007318756001 -0.05847074366049023 0 -0.02681584981861643 0 0.1666666666666667 
-0.08138007318756001 -0.05847074366049023 0 -0.02681584981861643 0 0.1666666666666667 
-0.03859492958622101 -0.1197470244693182 0 0 0.1825741858350554 -0.02423223177951614 
-0.03859492958622101 -0.1197470244693182 0 0 0.1825741858350554 -0.02423223177951614 
-0.03859492958622101 -0.1197470244693182 0 0 0.1825741858350554 -0.02423223177951614 
-0.03859492958622101 -0.1197470244693182 0 0 0.1825741858350554 -0.02423223177951614 
-0.03859492958622101 -0.1197470244693182 0 0 0.1825741858350554 -0.02423223177951614 
-0.03859492958622101 -0.1197470244693182 0 0 0.1825741858350554 -0.02423223177951614 
-0.03859492958622101 -0.1197470244693182 0 0 0.1825741858350554 -0.02423223177951614 
-0.03859492958622101 -0.1197470244693182 0 0 0.1825741858350554 -0.02423223177951614 
-0.03859492958622101 -0.1197470244693182 0 0 0.1825741858350554 -0.02423223177951614 
-0.03859492958622101 -0.1197470244693182 0 0 0.1825741858350554 -0.02423223177951614 
-0.03859492958622101 -0.1197470244693182 0 0 0.1825741858350554 -0.02423223177951614 
-0.03859492958622101 -0.1197470244693182 0 0 0.1825741858350554 -0.02423223177951614 
-0.03859492958622101 -0.1197470244693182 0 0 0.1825741858350554 -0.02423223177951614 
-0.03543326587197867 -0.0702313162944352 -0.02366893273215888 -0.03426924230908385 -0.01897142862739883 0.1825741858350554 
-0.03543326587197867 -0.0702313162944352 -0.02366893273215888 -0.03426924230908385 -0.01897142862739883 0.1825741858350554 
-0.03543326587197867 -0.0702313162944352 -0.02366893273215888 -0.03426924230908385 -0.01897142862739883 0.1825741858350554 
-0.03543326587197867 -0.0702313162944352 -0.02366893273215888 -0.03426924230908385 -0.01897142862739883 0.1825741858350554 
-0.03543326587197867 -0.0702313162944352 -0.02366893273215888 -0.03426924230908385 -0.01897142862739883 0.1825741858350554 
-0.03543326587197867 -0.0702313162944352 -0.02366893273215888 -0.03426924230908385 -0.01897142862739883 0.1825741858350554 
-0.03543326587197867 -0.0702313162944352 -0.02366893273215888 -0.03426924230908385 -0.01897142862739883 0.1825741858350554 
-0.03543326587197867 -0.0702313162944352 -0.02366893273215888 -0.03426924230908385 -0.01897142862739883 0.1825741858350554 
-0.03543326587197867 -0.0702313162944352 -0.02366893273215888 -0.03426924230908385 -0.01897142862739883 0.1825741858350554 
-0.03543326587197867 -0.0702313162944352 -0.02366893273215888 -0.03426924230908385 -0.01897142862739883 0.1825741858350554 
-0.03543326587197867 -0.0702313162944352 -0.02366893273215888 -0.03426924230908385 -0.01897142862739883 0.1825741858350554 
-0.03543326587197867 -0.0702313162944352 -0.02366893273215888 -0.03426924230908385 -0.01897142862739883 0.1825741858350554 
-0.03543326587197867 -0.0702313162944352 -0.02366893273215888 -0.03426924230908385 -0.01897142862739883 0.1825741858350554 
-0.03543326587197867 -0.0702313162944352 -0.02366893273215888 -0.03426924230908385 -0.01897142862739883 0.1825741858350554 
-0.03543326587197867 -0.0702313162944352 -0.02366893273215888 -0.03426924230908385 -0.01897142862739883 0.1825741858350554 
-0.03543326587197867 -0.0702313162944352 -0.02366893273215888 -0.03426924230908385 -0.01897142862739883 0.1825741858350554 
-0.03543326587197867 -0.0702313162944352 -0.02366893273215888 -0.03426924230908385 -0.01897142862739883 0.1825741858350554 
-0.03543326587197867 -0.0702313162944352 -0.02366893273215888 -0.03426924230908385 -0.01897142862739883 0.1825741858350554 
-0.03543326587197867 -0.0702313162944352 -0.02366893273215888 -0.03426924230908385 -0.01897142862739883 0.1825741858350554 
-0.03543326587197867 -0.0702313162944352 -0.02366893273215888 -0.03426924230908385 -0.01897142862739883 0.1825741858350554 
-0.02840121698013286 0.1525885718982468 -0.03296324924313167 -0.02528062011395013 -0.01333046572625667 -0.05261301983477552 
-0.02840121698013286 0.1525885718982468 -0.03296324924313167 -0.02528062011395013 -0.01333046572625667 -0.05261301983477552 
-0.02840121698013286 0.1525885718982468 -0.03296324924313167 -0.02528062011395013 -0.01333046572625667 -0.05261301983477552 
-0.02840121698013286 0.1525885718982468 -0.03296324924313167 -0.02528062011395013 -0.01333046572625667 -0.05261301983477552 
-0.02840121698013286 0.1525885718982468 -0.03296324924313167 -0.02528062011395013 -0.01333046572625667 -0.05261301983477552 
-0.02840121698013286 0.1525885718982468 -0.03296324924313167 -0.02528062011395013 -0.01333046572625667 -0.05261301983477552 
-0.02840121698013286 0.1525885718982468 -0.03296324924313167 -0.02528062011395013 -0.01333046572625667 -0.05261301983477552 
-0.02840121698013286 0.1525885718982468 -0.03296324924313167 -0.02528062011395013 -0.01333046572625667 -0.05261301983477552 
-0.02840121698013286 0.1525885718982468 -0.03296324924313167 -0.02528062011395013 -0.01333046572625667 -0.05261301983477552 
-0.02840121698013286 0.1525885718982468 -0.03296324924313167 -0.02528062011395013 -0.01333046572625667 -0.05261301983477552 
-0.02840121698013286 0.1525885718982468 -0.03296324924313167 -0.02528062011395013 -0.01333046572625667 -0.05261301983477552 
-0.02840121698013286 0.1525885718982468 -0.03296324924313167 -0.02528062011395013 -0.01333046572625667 -0.05261301983477552 
-0.02840121698013286 0.1525885718982468 -0.03296324924313167 -0.02528062011395013 -0.01333046572625667 -0.05261301983477552 
-0.02840121698013286 0.1525885718982468 -0.03296324924313167 -0.02528062011395013 -0.01333046572625667 -0.05261301983477552 
-0.02840121698013286 0.1525885718982468 -0.03296324924313167 -0.02528062011395013 -0.01333046572625667 -0.05261301983477552 
-0.02840121698013286 0.1525885718982468 -0.03296324924313167 -0.02528062011395013 -0.01333046572625667 -0.05261301983477552 
-0.02840121698013286 0.1525885718982468 -0.03296324924313167 -0.02528062011395013 -0.01333046572625667 -0.05261301983477552 
-0.02840121698013286 0.1525885718982468 -0.03296324924313167 -0.02528062011395013 -0.01333046572625667 -0.05261301983477552 
-0.02840121698013286 0.1525885718982468 -0.03296324924313167 -0.02528062011395013 -0.01333046572625667 -0.05261301983477552 
-0.02840121698013286 0.1525885718982468 -0.03296324924313167 -0.02528062011395013 -0.01333046572625667 -0.05261301983477552 
-0.02840121698013286 0.1525885718982468 -0.03296324924313167 -0.02528062011395013 -0.01333046572625667 -0.05261301983477552 
-0.02840121698013286 0.1525885718982468 -0.03296324924313167 -0.02528062011395013 -0.01333046572625667 -0.05261301983477552 
-0.02840121698013286 0.1525885718982468 -0.03296324924313167 -0.02528062011395013 -0.01333046572625667 -0.05261301983477552 
-0.02840121698013286 0.1525885718982468 -0.03296324924313167 -0.02528062011395013 -0.01333046572625667 -0.05261301983477552 
-0.02840121698013286 0.1525885718982468 -0.03296324924313167 -0.02528062011395013 -0.01333046572625667 -0.05261301983477552 
-0.03103062962145954 -0.1015910571095455 -0.01924680915475543 -0.0287958480215486 -0.00503099426974271 0.1856953381770519 
-0.03103062962145954 -0.1015910571095455 -0.01924680915475543 -0.0287958480215486 -0.00503099426974271 0.1856953381770519 
-0.03103062962145954 -0.1015910571095455 -0.01924680915475543 -0.0287958480215486 -0.00503099426974271 0.1856953381770519 
-0.03103062962145954 -0.1015910571095455 -0.01924680915475543 -0.0287958480215486 -0.00503099426974271 0.1856953381770519 
-0.03103062962145954 -0.1015910571095455 -0.01924680915475543 -0.0287958480215486 -0.00503099426974271 0.1856953381770519 
-0.03103062962145954 -0.1015910571095455 -0.01924680915475543 -0.0287958480215486 -0.00503099426974271 0.1856953381770519 
-0.03103062962145954 -0.1015910571095455 -0.01924680915475543 -0.0287958480215486 -0.00503099426974271 0.1856953381770519 
-0.03103062962145954 -0.1015910571095455 -0.01924680915475543 -0.0287958480215486 -0.00503099426974271 0.1856953381770519 
-0.03103062962145954 -0.1015910571095455 -0.01924680915475543 -0.0287958480215486 -0.00503099426974271 0.1856953381770519 
-0.03103062962145954 -0.1015910571095455 -0.01924680915475543 -0.0287958480215486 -0.00503099426974271 0.1856953381770519 
-0.03103062962145954 -0.1015910571095455 -0.01924680915475543 -0.0287958480215486 -0.00503099426974271 0.1856953381770519 
-0.03103062962145954 -0.1015910571095455 -0.01924680915475543 -0.0287958480215486 -0.00503099426974271 0.1856953381770519 
-0.03103062962145954 -0.1015910571095455 -0.01924680915475543 -0.0287958480215486 -0.00503099426974271 0.1856953381770519 
-0.03103062962145954 -0.1015910571095455 -0.01924680915475543 -0.0287958480215486 -0.00503099426974271 0.1856953381770519 
-0.03103062962145954 -0.1015910571095455 -0.01924680915475543 -0.0287958480215486 -0.00503099426974271 0.1856953381770519 
-0.03103062962145954 -0.1015910571095455 -0.01924680915475543 -0.0287958480215486 -0.00503099426974271 0.1856953381770519 
-0.03103062962145954 -0.1015910571095455 -0.01924680915475543 -0.0287958480215486 -0.00503099426974271 0.1856953381770519 
-0.03103062962145954 -0.1015910571095455 -0.01924680915475543 -0.0287958480215486 -0.00503099426974271 0.1856953381770519 
-0.03103062962145954 -0.1015910571095455 -0.01924680915475543 -0.0287958480215486 -0.00503099426974271 0.1856953381770519 
-0.1243746973833578 0.3015113445777636 -0.02862625330501113 -0.02927464452334887 -0.03647280572945411 -0.08276294363659152 
-0.1243746973833578 0.3015113445777636 -0.02862625330501113 -0.02927464452334887 -0.03647280572945411 -0.08276294363659152 
-0.1243746973833578 0.3015113445777636 -0.02862625330501113 -0.02927464452334887 -0.03647280572945411 -0.08276294363659152 
-0.1243746973833578 0.3015113445777636 -0.02862625330501113 -0.02927464452334887 -0.03647280572945411 -0.08276294363659152 
-0.1243746973833578 0.3015113445777636 -0.02862625330501113 -0.02927464452334887 -0.03647280572945411 -0.08276294363659152 
